#	CRS	latitude	longitude
001	INV	57.4798698595	-4.2233610206
002	ABD	57.1437040232	-2.0986851221
003	DEE	56.4564859313	-2.9712045476
004	PTH	56.3920941127	-3.439697903
005	EDB	55.9523928228	-3.188227684
006	GLQ	55.862188151	-4.2514558665
007	GLC	55.859755985	-4.2576432889
008	BWK	55.7743372472	-2.0109733276
009	NCL	54.968401771	-1.6172798088
010	CAR	54.8906518369	-2.933191633
011	DHM	54.7793902693	-1.581751929
012	MBR	54.5791059611	-1.2347172036
013	DAR	54.5204478657	-1.5473238242
014	SCA	54.2797918604	-0.405702983
015	LAN	54.048729964	-2.8074575998
016	HGT	53.9931768293	-1.5376077548
017	YRK	53.9579658838	-1.0931820896
018	BPN	53.8219148148	-3.0492746535
019	LDS	53.795626565	-1.5480255067
020	BDI	53.7910752487	-1.7495957012
021	PRE	53.7568593662	-2.7081278688
022	BBN	53.7465160763	-2.4791220517
023	HUL	53.7441503943	-0.3456799526
024	WKF	53.6830736263	-1.5061104493
025	HUD	53.6485023029	-1.7846901944
026	BON	53.5741432523	-2.4258246378
027	WGN	53.5436614441	-2.6332737489
028	DON	53.5221494842	-1.1398452072
029	MCV	53.4874681992	-2.2425994379
030	MAN	53.477361393	-2.2309099
031	MCO	53.4740316811	-2.2419954098
032	LIV	53.4073082527	-2.9777260282
033	SPT	53.4055384399	-2.1630130861
034	LVC	53.4045998788	-2.9791530701
035	WBQ	53.3860082951	-2.6023641704
036	SHF	53.3782198729	-1.462110833
037	MIA	53.3650415294	-2.2729795214
038	LPY	53.3577439788	-2.8891427882
039	RUN	53.3386947275	-2.7392511412
040	MAC	53.2593419157	-2.1219817673
041	CHD	53.2382201444	-1.4201158217
042	LCN	53.2260871474	-0.5399218647
043	BNG	53.2222825723	-4.1358799319
044	CTR	53.1966951374	-2.8795935378
045	CRE	53.0896248672	-2.4329688335
046	NNG	53.0817579491	-0.7998545133
047	SOT	53.0079800731	-2.1809873304
048	NOT	52.9470743891	-1.1463817264
049	DBY	52.9165478574	-1.4633546248
050	GRA	52.9064723763	-0.64245023
051	EMD	52.8625005511	-1.2632318539
052	STA	52.8038900359	-2.1220356172
053	LBO	52.7789545024	-1.1959284852
054	SHR	52.7119284417	-2.7497611674
055	LEI	52.6314251503	-1.1252754493
056	NRW	52.6271535549	1.3068202052
057	WVH	52.587844763	-2.1195145093
058	PBO	52.5749753161	-0.2498368973
059	NUN	52.5263705685	-1.4638751765
060	BSW	52.4833552574	-1.8990884587
061	BMO	52.4790792138	-1.8924725073
062	BHM	52.4778183868	-1.900205346
063	BHI	52.4508069719	-1.7258566656
064	COV	52.4008136445	-1.513459614
065	RUG	52.3790944632	-1.2504843717
066	LMS	52.2844903882	-1.5362099942
067	NMP	52.2375004417	-0.9066530224
068	WOS	52.1947261263	-2.2094077503
069	CBG	52.1940672669	0.1374565527
070	BDM	52.136187361	-0.4794422997
071	HFD	52.0611622014	-2.7082101808
072	BAN	52.0603081824	-1.3281327569
073	IPS	52.0505923448	1.1444257102
074	MKC	52.0342882678	-0.7741460161
075	SVG	51.9016875339	-0.2071093865
076	COL	51.9007137929	0.8925982267
077	CNM	51.8973972883	-2.0996199551
078	SSD	51.8885910524	0.2608155944
079	LUT	51.8823048507	-0.4140401416
080	GCR	51.8655585505	-2.238487611
081	WGC	51.8010480872	-0.20407041
082	CLT	51.7940028114	1.1540918208
083	HWN	51.7810703404	0.0951318824
084	OXF	51.7534959565	-1.2701533984
085	CHM	51.7363726521	0.4685721967
086	WFJ	51.6635290929	-0.396516975
087	SNF	51.6308773472	0.3298513189
088	HWY	51.6295859718	-0.7454098119
089	BIC	51.6288836605	0.4186297218
090	SWA	51.625145825	-3.9415460495
091	BRE	51.6136052441	0.2995858808
092	DID	51.610954351	-1.2428934327
093	HRW	51.5921776716	-0.3345710714
094	NWP	51.5887889876	-3.000543471
095	RMF	51.5748290573	0.1832374395
096	SWI	51.5654723334	-1.7855111579
097	IFD	51.5591175291	0.0696795341
098	SRA	51.5418950672	-0.0033966567
099	SOV	51.5415127005	0.7115008594
100	BKG	51.5394947156	0.0809025139
101	SOC	51.5370646017	0.7117267088
102	SPL	51.5321679183	-0.1273426639
103	KGX	51.5308833389	-0.1229259115
104	EUS	51.5281362444	-0.1339235556
105	MYB	51.5225238825	-0.1629108268
106	MAI	51.5186689698	-0.7226604448
107	LST	51.5179910298	-0.0814259439
108	PAD	51.5159955029	-0.1761738992
109	EAL	51.5148414545	-0.3017516905
110	CTK	51.5139361361	-0.1035895627
111	BPW	51.5138012106	-2.5421630639
112	SLO	51.5118804107	-0.5915103576
113	BFR	51.5118097294	-0.1033319919
114	FST	51.5116458345	-0.0788966873
115	CST	51.5113823215	-0.090292899
116	CHX	51.5080273938	-0.1248021087
117	LBG	51.5051089049	-0.0860882393
118	WAE	51.5040760904	-0.108898084
119	WAT	51.5032986135	-0.1131088672
120	VIC	51.4952572701	-0.1445443319
121	VXH	51.4861896364	-0.1228750757
122	WNR	51.4856501481	-0.6065339834
123	CDQ	51.4819615328	-3.1701805544
124	SYL	51.4817849709	-0.3248418375
125	CDF	51.47602539	-3.1793017402
126	NXG	51.4751284772	-0.040413302
127	CLJ	51.4641873493	-0.1702501742
128	RMD	51.4631484145	-0.3014111293
129	CPM	51.4624879631	-2.1153938875
130	PUT	51.4613026295	-0.2164745358
131	RDG	51.4587860167	-0.9718487913
132	TWI	51.4500311694	-0.330393744
133	BRI	51.4491439007	-2.5813152497
134	DFD	51.4473706782	0.2192478908
135	EBF	51.4429732029	0.3209209353
136	WIM	51.4212216473	-0.2063706973
137	KNG	51.4127512459	-0.301165709
138	RAY	51.4091734404	-0.2301507749
139	BMS	51.3999763156	0.0173441135
140	NBY	51.3976494346	-1.3228610893
141	SUR	51.3924596894	-0.303958484
142	GLM	51.386565458	0.5498500996
143	CTM	51.3803785894	0.5211508275
144	BTH	51.3776862324	-2.3570181502
145	ECR	51.3754538042	-0.0927796195
146	EPS	51.3343927305	-0.2687776022
147	WOK	51.3184693495	-0.5569596208
148	MDE	51.2778301142	0.521295166
149	SEV	51.2768654233	0.1816690161
150	CBE	51.2742678195	1.0759685662
151	BSK	51.268356913	-1.087263719
152	ASI	51.2495973163	-0.7128053872
153	DKG	51.2409298387	-0.324250704
154	RDH	51.2402011257	-0.1658998783
155	GLD	51.2369701895	-0.5804249593
156	ADV	51.2115468802	-1.4922329132
157	TON	51.191411268	0.2709731392
158	GTW	51.1564907323	-0.1610414552
159	TBW	51.1302339443	0.2628103999
160	EGR	51.1262735798	-0.0179000123
161	TBD	51.1169237509	-0.1611840033
162	FKC	51.0828875821	1.1694824795
163	SAL	51.0705483962	-1.8063867364
164	WIN	51.0672106304	-1.3196999263
165	TAU	51.0233024374	-3.1027415545
166	HHE	51.0056816899	-0.1050777016
167	ESL	50.969250166	-1.3500844533
168	SOA	50.9508154266	-1.3630968509
169	SOU	50.9074484476	-1.4135958716
170	HGS	50.8578959288	0.5767419031
171	BTN	50.8290047711	-0.1412802831
172	PMS	50.7984953605	-1.0909110088
173	PMH	50.7969623578	-1.1078401792
174	EBN	50.7693779961	0.2812470249
175	EXD	50.729274884	-3.5432861769
176	BMH	50.7272733214	-1.8645029468
177	EXC	50.7264841652	-3.5332764081
178	POO	50.7194280425	-1.9833175026
179	WEY	50.6153149737	-2.4542219603
180	NTA	50.5295855374	-3.5991668037
181	PLY	50.3778273319	-4.1433204627
182	TRU	50.2638410005	-5.0648123035
183	PNZ	50.1216739813	-5.5325652756
